Reacoes de apoio [N]
[[-34653.14703467]
 [-26869.07008485]
 [-12476.26146286]
 [  6691.49531972]
 [ 22766.10635247]
 [-39682.21446088]
 [ 29887.7298715 ]]

Deslocamentos [m]
[[ 0.00000000e+00]
 [ 0.00000000e+00]
 [ 1.04878250e-06]
 [ 0.00000000e+00]
 [-7.15265592e-07]
 [ 0.00000000e+00]
 [ 1.31965345e-06]
 [ 0.00000000e+00]
 [ 0.00000000e+00]
 [ 0.00000000e+00]
 [ 6.63650042e-06]
 [ 3.60293331e-06]
 [-3.48574563e-06]
 [-9.01574228e-07]
 [ 6.94221663e-06]
 [-4.44758690e-06]
 [-7.62473349e-06]
 [-2.34489036e-06]]

Deformacoes []
[[ 5.24391248e-07]
 [-8.82024044e-07]
 [ 1.01745952e-06]
 [-6.59826725e-07]
 [ 2.55985843e-06]
 [ 1.80146666e-06]
 [-1.35902559e-06]
 [-4.50787114e-07]
 [ 9.75956213e-07]
 [-2.22379345e-06]
 [-2.84745088e-06]
 [-5.06112302e-06]
 [-5.05226440e-06]
 [ 5.21398113e-06]
 [-7.21658067e-07]
 [ 4.16741167e-06]]

Forcas internas [N]
[[  7784.07694982]
 [-13092.78721535]
 [ 15103.19485491]
 [ -9794.48458938]
 [ 37998.60332236]
 [ 26741.01661848]
 [-20173.41020501]
 [ -6691.49531972]
 [ 14487.11870508]
 [-33010.04622868]
 [-42267.63293282]
 [-75127.43816672]
 [-74995.94045806]
 [ 77396.46777746]
 [-10712.31059997]
 [ 61861.16414884]]

Tensoes internas [Pa]
[[  110122.16213078]
 [ -185225.0492598 ]
 [  213666.49934563]
 [ -138563.61221662]
 [  537570.27105253]
 [  378307.99805634]
 [ -285395.3736132 ]
 [  -94665.29393858]
 [  204950.80471754]
 [ -466996.6247988 ]
 [ -597964.68569358]
 [-1062835.83520575]
 [-1060975.52317565]
 [ 1094936.03774539]
 [ -151548.19412633]
 [  875156.44975178]]